VARIABLES = "X", "Y", "P", "delta_x", "delta_y", "monitor"
ZONE NODES=517, ELEMENTS=952, DATAPACKING=BLOCK,
ZONETYPE=FETRIANGLE
0.00000000000000000000
0.15938734451683003734
0.00000000000000000000
0.33921345569356831096
0.17601328243295863429
0.00000000000000000000
0.24295689352972002495
0.49747028890031214088
0.41201615884149550562
0.41782581918844724500
0.52111468399099192261
0.24238890491135312022
0.56673916332056617495
0.63685203220685659975
0.82567158972298038133
0.67326608007038335479
0.28826637204350818999
0.00000000000000000000
0.00000000000000000000
0.79505970549068072373
1.15710195104873481142
0.96397106150901179511
0.87309887082070325448
1.02405635499610858652
1.19126592864508684677
0.61982549205295356387
0.68174114634597371420
0.35455915516241698349
0.95452423365173844072
1.33805958860705076496
1.51268064558108261686
1.16430954473873993216
1.33285053348082915825
0.35722736765977147755
0.00000000000000000000
0.00000000000000000000
1.74184910749409915809
1.57459844409898153117
1.98840108229705991860
1.17781714548102312001
0.94958641188102288488
1.20484323103885304640
1.64928853694012089726
1.75064727836241762482
1.47291711589906570978
0.59184877365912169633
0.32375457087209430496
0.66028874267546122656
0.90817527447434809318
1.37730312028141832492
1.53690906161238949323
1.36578428151924557987
1.63739852334202318218
1.86936833635885180094
2.12679243536886142252
2.20924477222181314673
1.95485460121603771277
0.27365373342571713833
0.00000000000000000000
0.00000000000000000000
0.83507607914508363844
1.13974261883809302454
1.07894483983867828236
2.45458390566131967603
2.34658226822502546938
2.64032064916569275681
1.60196338538479610136
1.67593296090200505333
1.42138207259033033658
1.69985561497373849349
1.80503596700318857948
1.86678339697010553522
1.40470307695299356787
2.25996192318435840107
2.31640831641626432358
2.02421944269016229612
0.51284145456099905491
0.45643297794628490127
0.23549634910877828564
0.74944842972282144089
1.77020190669897936608
2.06925398595222453935
2.74771493073182071498
2.83969186943477813756
2.53400438558642271403
2.59003236447856810543
1.67624308994106185899
1.34826836338699784790
1.67761250234322933927
0.00000000000000000000
0.21633901397230384522
0.00000000000000000000
0.96480552190479940133
0.68786104996028840652
1.00278244009538775039
2.02097971852637581236
2.20577768754034364562
1.93894889639263712233
1.31481694044027452861
2.22630316816934037405
3.00720738276509669262
2.89843598191390139363
3.14217372098870306729
1.99309363680566531407
1.94220595720985822474
2.25766850213158409844
2.70824065752297382659
2.96308959867485111062
3.13263774548656703800
2.22497046797080644254
0.45251910102138381831
0.21534135572493667832
0.43506718002433664161
0.68464955568543828246
2.47216388685880872345
2.52149952635188556727
2.79268649329467999465
1.65914564533739272711
1.30338911630318787793
1.67442466078822560505
2.96053357896364222057
3.13172264237414665899
3.26736884921320003272
3.42109892685617777985
3.30014687363108460971
2.02074870387084404300
2.31681026004852119726
2.33036562046140094395
0.23346323726042442215
0.00000000000000000000
0.00000000000000000000
2.01356336793932477747
2.46141276880304005203
2.73497216987134184052
2.49417571704964791124
0.73559214386686466725
0.98998326439375161634
1.05850417934863694214
2.74756888577915647787
1.33020890575355310581
3.52501408179495001605
3.38569667340816682355
3.64320821197757860332
3.17648134563510886608
3.34708845889156636488
3.55694435143167231317
3.63417349610705864293
3.87664960820846449252
3.52125544942892876321
2.57581806473270269464
2.54548409926235574829
2.78834878344714187648
2.77107204599373435627
0.27184782256600392714
0.50761838822436322616
0.58795041796223079800
3.74642474153951754445
0.82190060347490068171
2.29729902107631600572
2.21708510201494712888
1.96569634928818803843
3.18723927410968821405
2.94839367257871343142
3.00018800678256658543
1.62629369482266805669
1.36588735772410330149
1.64184486091434567179
3.36700176471952783430
4.03896260678539320566
3.71928678890140540503
3.81247491683093331361
3.95986797337061746660
1.89999356841711497523
2.79676852655989138796
2.77802934507964360833
2.57069927875364578895
2.52003926880765094509
0.32246660056826070839
0.00000000000000000000
0.00000000000000000000
2.97991234141983607486
2.97789457094969067796
3.18147440215136922959
1.18081580529002594382
0.90649563104470831654
1.13208196042531072933
3.18394457399126329378
3.92872995157619264717
4.09100890793427041103
4.23948647900870678740
1.39557385147895374189
3.65416044030044506741
3.43228069654552792045
3.62508308630675646356
4.13856440134051872803
3.93688756524135641257
4.29476314819279991752
4.19090063246759747528
4.28147050221212754906
4.47717213052766105363
3.96867300724610982954
3.17528257859722229384
2.98511132837871651091
2.98947911836348678705
2.07816468409489285563
1.85717820907627273463
2.13210143891111991721
3.17699647578339439136
3.39683081598083713715
4.37356297495646106910
0.69202308590521877107
0.36236224949406958817
0.66349527520448325912
2.69357453478412356418
2.45317440206306569550
2.74698269273045880823
0.95580039864133337080
1.60232052487793175111
1.58487691487594006823
1.39184159797478201881
2.36556870301490107522
4.38455294777377968529
4.52740010436416806527
4.74486824303534771019
4.59218050025819213289
1.82161920327088999727
3.60185824506826657299
3.57212412588122774082
3.37983058647386824802
3.17503518927644945435
2.97113054604653337165
3.17424808806769931380
3.36351181081299666076
4.19898547510156561202
4.12853219131403825770
3.89156695995237633667
2.95566415941488047636
0.36097227349144556108
0.00000000000000000000
0.00000000000000000000
4.71816090681876687540
4.48775518470735068632
4.60658334370396804758
1.22256372299519600055
0.97597214555626321530
1.22102156573594977651
1.41618221916594944076
3.82990307637140769970
4.92927447991951961370
4.70721083883230484446
5.12338691313829741603
4.92803344354210359768
5.07132849433995325228
4.77350057359124058110
2.39624185994659688603
2.71701668369523696711
2.78058240734421113771
4.45957813463293017975
4.69092947206847199482
4.43254972806561386989
1.69392032986769613956
1.93347675490232973061
1.82159822613739086350
4.70650044978265835738
4.88193215558478499361
3.57191353819578383266
3.36350682858660210428
3.55536488973771991340
3.37735903369536805130
3.17732729138892588949
2.92132225282516078124
3.17613750392752258733
0.29523118967149303282
0.63254714915688103893
0.53436788779526522841
1.52238627501675027887
0.89853934719276029597
4.03256649532263899971
3.78328167692484518270
4.05787690393791944388
2.98645226034105792934
2.43011217248528899049
2.22043210147178937675
2.57479470833670642804
2.11102953728461395499
5.44460656166906087350
5.09839654917438345194
5.31106542673762849205
5.23983821656971660019
3.78288472989951962688
4.90910801240344074614
5.07522618583032336659
5.11845864984233145378
4.68892505757440591907
4.38137192597640190428
4.68933699697397798900
4.91127400733724339688
3.65632531358265877586
3.39488650067369901464
3.60288189898158206503
3.43078500238692907232
4.34782966553009053712
1.70270479151256193262
1.54544528316688078995
1.36416184167836695984
0.24849677805533587627
0.00000000000000000000
0.00000000000000000000
0.84292805190246733460
0.68824242372404231816
1.05158388355399967651
3.36564256663164540484
3.56239499263865466716
3.17361517191860231790
5.64010132918946904823
5.48609827631918633983
5.78497040121291661308
1.19064395534842981661
5.59908272006374740926
5.75280963599272787690
5.39268056585412480786
3.16023547622395151180
2.78173110145882862554
2.97148795141015131804
5.59846913928750034017
5.33950685781216360937
5.31615150725749696647
2.25325355855848075137
2.01463805672115991996
2.33973846538625718239
3.62994858955906618547
4.05816374043630023749
4.12932575319956374216
3.83034444937609519499
4.94819937939727694243
5.17161399117027453798
5.25156857256957199098
3.36342392880630169927
4.99772323883544178358
1.90639598241062557804
5.65648934787733637108
3.89306631677073378128
4.34814277049486452853
4.68793571417757970465
4.69027770530164556106
0.34427536932950830728
0.17851908258224949422
0.42679340998424636355
0.57743925916936067466
5.70848210251925802794
5.86906601524980509055
5.94008491220594425641
5.85890406433032673306
4.38191960219596765569
2.99137257848568038909
2.86729143621069804126
2.66419094525339472668
2.57162933632727241928
0.97412918021685834802
1.35758306665721795170
1.15922177568149309401
3.97144810854255014831
4.24266593692218219047
3.93312402950960215975
5.62878598757865677982
5.70611290316386998711
5.39055617074607784645
5.47928110745901264522
4.20132221939939221045
5.03619204201175119096
5.32738824524011711503
5.36118636781530444324
2.14913222325178754346
1.98796994181009023528
1.75934507325214606333
5.03737922153647676993
3.88223463292819914727
3.53546008486707652452
3.75127545927486805155
6.28318531000000035647
5.92624680114005553122
5.98982718062511576562
1.57519651408153560368
0.16139207344301853553
0.00000000000000000000
0.00000000000000000000
0.64508108772015493315
0.49815501118256294566
0.41468031568268348686
4.09560069954411254400
0.79691929712952658260
6.12223498958028233830
6.04012500467967861084
6.28318531000000035647
6.10513812276935929901
6.28318531000000035647
6.03646603281675453445
3.31432406626846676190
3.42802386173617401610
3.14731799398497003040
4.69143223905722361877
4.69337521264013890487
4.43369056379216175401
2.47495755261326833008
2.76075199658920711343
2.64012627076279349225
6.28318531000000035647
3.64051812371642613542
4.46192112317967648494
5.92461411781294167156
6.28318531000000035647
5.96659439866495944216
2.34604510707635993683
6.28318531000000035647
0.24291333652231517082
5.56747349869809404765
5.78741476288402800776
5.84337052420360247851
5.62273225191036463144
5.32948757468261824499
5.25487001051186730649
5.00054180334817388598
6.28318531000000035647
4.48126681245331415226
4.19567175062166519695
4.37674320259104820963
4.95156265607737822165
3.26999575349284121728
3.14067150216028911913
3.01756155906461431826
2.89755196863404496099
4.72113176595475625419
4.49051322078155035200
4.70922332716693059496
6.01694900307330815536
6.28318531000000035647
6.28318531000000035647
3.96379135559819895107
4.04250350502280575427
3.72396765220896108772
6.05629202907664421218
4.60993647184926569338
5.86175383338817823642
5.84339727607820869082
5.62313975490237893951
5.56899311523957862846
4.28564115338264794985
5.17486947838140398659
5.12117866572263569225
4.91431517205847434582
3.52769310170316607866
3.64178847465777399961
3.38418386622733713409
4.91196595677198644125
3.81335588902992839166
6.07399866406428134979
6.28318531000000035647
6.28318531000000035647
6.07388733690598581205
4.88448512704825255071
5.07330705203474430220
4.77674788041384967840
4.59590400092037310031
4.74796560306611947766
4.38833083001651935717
5.48140202864864534149
5.78795332919783511727
5.70749095505435999343
5.39288203449016645408
5.07729534091856216094
4.93051214179970731522
4.14029986283625639487
4.29438449761543239447
3.93569935427919759263
6.05593292771709723610
6.28318531000000035647
6.28318531000000035647
4.52916227777743163330
5.34148594407607824053
5.60030497599949139698
5.31784677727035681727
6.01717578518760554118
5.63058113573712670785
5.24151404353526650937
5.44599560410550243006
5.10090766636734294082
4.93182642630870571310
5.12492186637171531771
4.70821836772547097638
5.75362820642396588511
5.39414176231188768895
5.65781194800875031348
5.59997201142740053115
5.31275462414266552713
5.96747207182481176346
6.28318531000000035647
6.28318531000000035647
5.92596075001492916812
5.64090933530032589971
5.78508696993001425568
5.48700598351201218605
5.99052141836648743833
5.92741885451850336608
6.28318531000000035647
6.28318531000000035647
5.94017804148917427653
5.70909003926814229146
5.85926865143926622892
5.86913517159416109337
6.03676436028732776862
6.28318531000000035647
6.28318531000000035647
6.10513402015985473525
6.12218180922227794838
6.28318531000000035647
6.03990715127042410160
6.28318531000000035647

0.00000000000000000000
0.16068773932470334365
0.24318282774451246975
0.34190041810481652806
0.41378889904663013199
0.49825677987735378371
0.00000000000000000000
0.00000000000000000000
0.17732999436845309216
0.57170640837362685094
0.83342540588528157830
0.64122552433231139180
0.42198951978834331467
0.24534401701629696135
0.52695994131456624920
0.67963813666356487353
0.96979449371634751653
1.15928957412326627541
0.79678396011250018915
0.00000000000000000000
0.00000000000000000000
0.29163371264055154564
1.03519646244338181518
0.88337560533989623046
1.20544411793195416216
1.17705466374222766923
1.53064994139104193493
1.34878523621986379233
1.34785889424877258769
0.36109785088549273269
0.69447230041759766550
0.62827198152480001614
0.96742615531828035635
1.75288934704956145261
1.99020040318891444642
1.57633347309277627168
0.36484678353722999056
0.00000000000000000000
0.00000000000000000000
1.78933300751997670375
1.67855800483611616869
1.49800114276588391959
0.96366938303575566671
1.19477191774221513931
1.21768029277732892091
2.23831575597981125014
2.14123974144592077451
1.89234754890246814618
1.99163430731563861897
1.39127675427196062508
1.54977683098040741605
1.66008283280865454046
1.37994335637668563699
0.68588580843177826551
0.34303922249847162984
0.62792063219255311868
0.93512692224401405827
2.46827793624797919847
2.64200804694768454084
2.34861233498122601304
2.31292951699011695155
2.07682123196156664946
2.38890462650102275433
0.29074419673048274015
0.00000000000000000000
0.00000000000000000000
1.75636747549396465828
1.97635463216128992592
1.87262216763953448506
1.55923419324893952620
1.38348204931809704021
1.56931011274448928283
2.15291457515479134344
0.91811918220496158138
1.21346322769681780329
1.21302684309481945135
2.55789931270612891367
2.85385739382346503845
2.75506415174839780491
2.63646940623461434328
1.77135081492225165967
1.41597496891480623127
0.25219121110501391270
0.49091312100816386632
0.54945559127539767008
0.83569017132209888477
2.69281990998766884715
2.51160523240140687307
2.30248897176938482900
2.89927204437604135734
3.01199838798057584199
3.14227444159283697545
3.12455099411045900126
2.96966993257815481400
2.74301633502812736154
1.71003470804717050413
1.88714990050392805720
1.92377788052795262175
2.90649149247238103300
1.55988263259335280253
0.23129832942110484240
0.00000000000000000000
0.00000000000000000000
2.55775220530091429438
2.19749645661035231115
2.47067142782141102586
1.10311463984105384561
0.73362557177007958753
1.02804547130521783949
2.17690294330545652812
3.41502716755814583749
3.26581889753318543868
3.13491580471802766539
3.29100472040813007979
1.84013906001223004338
1.45441582309716777033
1.76168819411742516579
3.55301190754251772219
3.33640581908810052170
3.11986359111532873811
1.38699996086473120727
0.46215118531693494264
0.22587412249569066569
0.47655776117380571621
0.72547684070893070363
2.92630418768173683475
2.79886123871273539976
3.14047089665752476861
3.52145799745382426238
3.64117922498559254407
3.38466888316901082234
3.33617359597861495857
2.12766965717499090260
2.37777278184812290718
2.42761097393954328183
3.61730924630663031039
3.50091796568020408031
3.85406341519677697605
2.09381280905248745583
3.73317828284420905050
0.24544686598664366972
0.00000000000000000000
0.00000000000000000000
1.74683135694046742792
1.36700295165546337195
1.71821752637602775948
0.77828463902518274509
1.11716971109292040332
1.05257621052584382504
3.00340498351173890157
2.70475199452061065841
2.89561361839662634310
2.64695906567328576031
3.80593255428611909608
3.70849263437816434319
4.02686889087761112904
1.38709634715781926495
3.94173369714188615021
3.49056755861256284845
3.83134022959456999047
3.71924078138942526550
2.23862540343698634970
2.32595230049174350739
2.01510861650588646299
4.22233795021599345176
4.06613746066229708731
3.92093109943575646170
1.99001351576494633910
0.61065148008988334727
0.53209998993757412489
0.28307701044398003720
0.86176436784648957623
4.05212205375139067343
3.14823403210904517735
3.40258146766164681907
3.28686812860458132945
3.59563643070207072938
4.13281342099680593094
4.29482395510034820063
3.93488958827375112648
2.79935997128298907910
2.55656696423060303403
2.69289061416885422418
4.45560831086709452364
4.26280608439054731207
4.16947405985733965395
2.48491499855883146708
1.74742206380779929731
1.46580197833655945239
1.76153792151764276852
4.34813587313199256812
2.32552290827175278665
2.29822993219596183323
2.04508664724245292632
0.33434543517916592847
0.00000000000000000000
0.00000000000000000000
1.17856938635759034284
0.93823305996447592392
1.21768939083128224787
2.02450030440125372522
3.14719434319330426675
3.26609319344111570516
3.02918422743758819493
4.52108581240823070857
4.37392353944345746442
4.18502474652719325121
2.92384616283390386116
2.53292530313447716850
1.47855218305581126437
4.73680728246898130607
4.52311902491799244785
4.37476900375888000383
3.95552655657293206204
3.89066852097338511385
3.66673663206963240668
4.57666036656858121745
4.45241885374797963237
4.66813486698867308178
4.57109782560821109598
4.25489124851934530369
0.67964361106258763812
0.36829834434756641981
0.70180903598103427932
0.97954750664834033813
4.60478954201948997849
2.61379040343417479164
2.88161580412521356465
2.79034830439663616986
3.60676875425148502075
3.49953373339415430010
3.37282758673133953309
3.02494216849084285315
2.08911680142488709322
2.43675257881089057932
2.38206267817525141339
3.75667322447159390819
4.92699250805510491347
5.12669839194303822438
4.70997400549506384237
1.61172532904857845892
1.67719281860079227897
1.42309680225374379781
5.05043146446972013308
4.91313618811119212637
4.75372502297833410267
4.84668521019858467014
2.67775182335935557632
0.36649193248850903126
0.00000000000000000000
0.00000000000000000000
0.98242363260825160687
1.22773095011724597825
1.24176821979471951884
4.54571237223169877240
4.24891612597097356741
4.59211790322614987758
1.90489608368050200582
2.05519116805898161005
2.22053207631809668143
4.85866573598203554951
4.80697596840591678813
5.06677676863790171780
1.82673101893023526188
1.43266695784936670677
3.40956224157967602295
3.26779032418055237486
3.14548183901476940960
3.50454308261370206523
4.07780247200492240722
3.99766237748143860031
3.82120601529088599335
5.30971860721381894166
5.09284934454235660439
5.43923364837117340187
5.03934074531671605257
5.22613702417422398838
3.14182842852763011265
2.99481230859843483572
2.78024898906443684865
4.32223138568225095923
5.18265186034026648088
4.82630712420312146804
4.91910249951287426029
5.11312119668713283005
0.53492533285932830633
0.63761062274098656566
0.29569060719426232264
0.90020005904511279926
3.29301903664040285236
1.70827337229860254375
1.52447941695876365564
1.82327313458173767557
2.71482191603691536130
2.54832586474361288964
2.35204621252791579167
1.93188653011034028317
3.97056198847324326451
3.76451535923564017949
3.67953218471919640820
4.00638662328995653894
2.93453407471293603592
5.30363682308081418881
5.57959018873277035055
5.29727851707384989055
5.63780269034713121812
5.78551392910838657713
5.48810453310875523414
5.74500036106666023272
5.59252206984498467790
5.37823041355553677079
4.32654834654243991565
4.59512468423265207917
4.58880665016105382392
0.24907592372868248010
0.00000000000000000000
0.00000000000000000000
5.64271373774872042617
0.68711976621318704428
0.84025333202614671535
1.05202532134448167866
5.29673926764271296719
5.25995831062330942984
4.95484521550198397932
1.54219953266772447087
1.70205501226887068178
1.36529585048540758052
5.67727354876101486525
5.34872059548847289534
5.43241504586815882050
4.25955017626388254826
3.50442772917032074886
3.84863417291470355508
3.61089503584055426799
2.21358928708563462706
2.11078907801865511829
2.42642345778661017164
4.95325632194331788583
2.54314532237354606892
5.60522366592873044766
1.18600048973855942691
3.90855473858434443457
3.34610080974927903696
3.13865496453359460460
3.56297575259498477962
5.93784386790265283906
5.86811688459417979402
5.70457430715490954043
5.85395787551324531250
0.42675273494745580294
0.17845843684674414509
0.34364743132076425169
0.57575480388322297642
3.73368830960848185896
5.58207803762124399327
5.81772277335292198330
5.51984091199493764890
5.75945580499605203073
5.98576645689793984673
5.91527272144041571522
6.28318531000000035647
4.26791398238091712614
4.52589643141815489713
4.55122156711342995550
1.90502250775870085597
2.25417868193936721255
2.01747382184866230759
2.34004768135536789231
4.19756042058817246954
2.93068201718921272914
2.77322686468251022873
3.13893170589688930150
5.95093235937822395698
6.28318531000000035647
5.91391206577139350031
3.34666658077802869897
5.17527286458123558788
5.25410932867402014068
4.91532223869830087182
1.15660559853282274290
1.35381582250637944043
0.97170236406073784430
6.28318531000000035647
6.12115579069511195343
6.28318531000000035647
6.04019280642610745247
6.03257065790606894495
6.28318531000000035647
6.10402640150467323821
4.82423319948828055459
6.28318531000000035647
0.16137957511304418246
0.00000000000000000000
0.00000000000000000000
0.41385678944297082937
0.49700011894114026756
0.64334676715033378702
5.57957658370427189709
5.81577864942004740811
5.83658412838609930162
3.92729600485080521111
4.22504152996570869760
4.06222184533364316650
6.00209213348555792322
6.04305819536850119533
6.28318531000000035647
0.79478078220614301053
5.51385289954337487472
4.37900561093669615786
1.75846356926022351352
1.98945092381020427474
2.14918685300875811350
6.28318531000000035647
1.57376947864450533743
6.28318531000000035647
2.66325734752184484222
2.57245923435248569078
2.86450041639809338534
2.98330420774455129518
3.50428936856254891197
3.85082409747792020482
3.73460019082860750217
0.24270874902851169441
5.06410576805481316143
5.10783986938205192274
4.80585301599453096344
4.06514379917124202279
6.06190290045002111441
6.28318531000000035647
6.06207310169323410065
6.28318531000000035647
4.66851942652874107864
4.60642054976506720720
4.45368885627700006324
2.47665441835804855941
2.34967525435139945600
2.64325169870069220934
5.42600507317917202244
5.67387453767105043312
5.75621655245064811623
2.76033950755366763730
4.85806603057817731894
3.14057629488201062173
3.41622334262532811877
3.29656374195975709895
3.61566782212912984917
5.34443827011400873772
4.16671267342135553946
4.45458387857285753597
4.34734017010779094647
6.04254617791587289588
6.28318531000000035647
6.28318531000000035647
4.57105146611869006534
6.00114502567359853202
3.01585540759997527971
2.89971727916919252976
3.14214997026257947255
3.26678789220801402138
4.84704381727983157901
5.05144551162796151544
5.03897478118320041318
5.30165693906130819357
5.57881252456573406562
5.60290801301072161067
3.93818127880484425418
3.70760421372449311406
4.02523282235775159421
4.26059974536349450602
4.75428095724995891658
5.29744387130981575496
5.94959302948485557749
6.28318531000000035647
6.28318531000000035647
3.52222356206841347159
3.38464099519017436180
3.64159786385997508162
5.91313493481266494456
4.57647697937965070025
4.73731904295381323067
4.91414645559034113376
3.80596704591582790655
4.37433260565784287621
5.37964800118574171250
5.74599007170243325504
5.64328776832391110219
5.91535029643964893609
6.28318531000000035647
6.28318531000000035647
5.44005400140651751428
5.22773073706145030570
5.09372881002148147900
5.59365093342073294025
5.98619257411539962277
4.13309912923618938407
3.93564320631424857666
4.29563336845969789834
4.52362783031965420832
6.03302913012855679398
6.28318531000000035647
6.28318531000000035647
5.30963475121500039222
4.92744658848482774971
5.12655685767632629535
4.71056071276020293936
5.93832809812814943484
5.85472719025832422091
5.70531217333027740324
6.10427529571524463137
5.63806233478833096484
5.48783050747313616569
5.78570855957003793435
5.86846895131963375292
6.12144784324054569424
6.28318531000000035647
6.28318531000000035647
6.04055684275915005799

-0.40039062500000000000
-0.38073730468750000000
-0.37829589843750000000
-0.30859375000000000000
-0.32354736328125000000
-0.31134033203125000000
-0.37487792968750000000
-0.30310058593750000000
-0.32000732421875000000
-0.21386718750000000000
-0.07495117187500000000
-0.23388671875000000000
-0.21240234375000000000
-0.22998046875000000000
-0.07379150390625000000
-0.07934570312500000000
-0.09167480468750000000
-0.06054687500000000000
-0.19787597656250000000
-0.18463134765625000000
-0.04901123046875000000
-0.08837890625000000000
0.14593505859375000000
0.14630126953125000000
0.31585693359375000000
0.08862304687500000000
0.17401123046875000000
0.03826904296875000000
0.26660156250000000000
0.03967285156250000000
0.18157958984375000000
0.09033203125000000000
0.26806640625000000000
0.04260253906250000000
-0.07098388671875000000
0.00561523437500000000
0.04821777343750000000
0.01354980468750000000
-0.06085205078125000000
0.34106445312500000000
0.27801513671875000000
0.36834716796875000000
0.28662109375000000000
0.35504150390625000000
0.37054443359375000000
-0.02984619140625000000
-0.07952880859375000000
0.11938476562500000000
0.19317626953125000000
0.39312744140625000000
0.42083740234375000000
0.40032958984375000000
0.40350341796875000000
0.14123535156250000000
-0.06420898437500000000
0.00213623046875000000
0.21838378906250000000
-0.22869873046875000000
-0.32702636718750000000
-0.21307373046875000000
0.03863525390625000000
0.24859619140625000000
0.10223388671875000000
-0.21258544921875000000
-0.19958496093750000000
-0.31634521484375000000
0.40417480468750000000
0.35113525390625000000
0.37481689453125000000
0.41314697265625000000
0.38433837890625000000
0.38647460937500000000
0.28228759765625000000
0.10028076171875000000
0.18304443359375000000
0.29443359375000000000
-0.19293212890625000000
-0.30578613281250000000
-0.33850097656250000000
-0.12933349609375000000
0.38531494140625000000
0.31915283203125000000
-0.32763671875000000000
-0.28619384765625000000
-0.16375732421875000000
-0.06896972656250000000
0.07263183593750000000
0.12475585937500000000
0.22705078125000000000
-0.39703369140625000000
-0.39251708984375000000
-0.41735839843750000000
-0.14123535156250000000
-0.24066162109375000000
-0.06066894531250000000
0.33514404296875000000
0.23364257812500000000
0.31634521484375000000
-0.00738525390625000000
0.27099609375000000000
-0.38720703125000000000
-0.39062500000000000000
-0.41839599609375000000
0.05584716796875000000
0.21990966796875000000
-0.00854492187500000000
-0.00988769531250000000
-0.21771240234375000000
-0.11389160156250000000
0.12951660156250000000
-0.30755615234375000000
-0.39086914062500000000
-0.34570312500000000000
-0.24426269531250000000
0.13659667968750000000
0.14251708984375000000
0.03753662109375000000
0.06164550781250000000
-0.01739501953125000000
-0.00860595703125000000
-0.00006103515625000000
-0.33508300781250000000
-0.39184570312500000000
-0.30187988281250000000
-0.22558593750000000000
-0.06555175781250000000
-0.14880371093750000000
-0.20239257812500000000
-0.33551025390625000000
-0.31518554687500000000
-0.38964843750000000000
-0.06475830078125000000
0.04772949218750000000
-0.15405273437500000000
-0.08874511718750000000
-0.14581298828125000000
-0.07885742187500000000
0.07427978515625000000
-0.04260253906250000000
0.10278320312500000000
-0.33972167968750000000
-0.39923095703125000000
-0.33349609375000000000
-0.01324462890625000000
0.00311279296875000000
0.05957031250000000000
-0.12249755859375000000
0.10614013671875000000
-0.04895019531250000000
-0.29278564453125000000
-0.21466064453125000000
-0.34429931640625000000
-0.27032470703125000000
-0.22827148437500000000
-0.19982910156250000000
-0.04095458984375000000
0.11816406250000000000
0.01708984375000000000
-0.13909912109375000000
0.01379394531250000000
0.05987548828125000000
-0.16082763671875000000
-0.18096923828125000000
-0.07037353515625000000
0.32000732421875000000
0.24493408203125000000
0.20251464843750000000
-0.05426025390625000000
-0.02923583984375000000
-0.19116210937500000000
-0.23071289062500000000
0.04180908203125000000
0.21453857421875000000
-0.37115478515625000000
-0.33935546875000000000
-0.29028320312500000000
-0.19934082031250000000
-0.08642578125000000000
-0.06732177734375000000
-0.20153808593750000000
-0.36035156250000000000
-0.28112792968750000000
-0.33856201171875000000
0.32312011718750000000
0.17462158203125000000
0.22552490234375000000
-0.26391601562500000000
0.19506835937500000000
0.27258300781250000000
0.31549072265625000000
0.34362792968750000000
-0.09826660156250000000
-0.15032958984375000000
0.00372314453125000000
-0.08349609375000000000
-0.22113037109375000000
-0.07788085937500000000
0.25299072265625000000
0.19799804687500000000
0.34582519531250000000
0.14263916015625000000
-0.41741943359375000000
-0.40155029296875000000
-0.40332031250000000000
0.29888916015625000000
0.33306884765625000000
0.19042968750000000000
-0.39862060546875000000
-0.25659179687500000000
0.36706542968750000000
0.16674804687500000000
0.03137207031250000000
0.10919189453125000000
-0.12207031250000000000
-0.05664062500000000000
-0.25402832031250000000
0.26232910156250000000
0.38171386718750000000
0.40838623046875000000
0.38659667968750000000
0.11572265625000000000
0.12249755859375000000
0.04223632812500000000
0.17980957031250000000
0.28613281250000000000
0.37780761718750000000
-0.23120117187500000000
-0.31933593750000000000
-0.34564208984375000000
-0.33508300781250000000
-0.35504150390625000000
-0.39593505859375000000
-0.39257812500000000000
0.21459960937500000000
0.04687500000000000000
-0.02587890625000000000
-0.26721191406250000000
0.02459716796875000000
-0.07269287109375000000
-0.00109863281250000000
0.41894531250000000000
0.39044189453125000000
0.40441894531250000000
0.31585693359375000000
0.26104736328125000000
0.35968017578125000000
0.39007568359375000000
-0.16851806640625000000
0.04040527343750000000
0.00048828125000000000
-0.06274414062500000000
0.27795410156250000000
0.32586669921875000000
0.37652587890625000000
0.17413330078125000000
-0.01409912109375000000
0.04187011718750000000
0.34771728515625000000
0.32965087890625000000
0.23480224609375000000
0.39343261718750000000
0.35266113281250000000
0.33331298828125000000
0.39111328125000000000
0.40093994140625000000
-0.31805419921875000000
-0.39202880859375000000
-0.35156250000000000000
-0.34405517578125000000
-0.14996337890625000000
-0.16119384765625000000
-0.25561523437500000000
-0.10546875000000000000
0.08294677734375000000
-0.08410644531250000000
0.36499023437500000000
0.14758300781250000000
-0.17041015625000000000
-0.26306152343750000000
-0.10485839843750000000
-0.05999755859375000000
0.08581542968750000000
0.25372314453125000000
0.09613037109375000000
0.23669433593750000000
-0.06976318359375000000
0.09674072265625000000
-0.09051513671875000000
0.15826416015625000000
-0.26208496093750000000
0.39581298828125000000
0.37042236328125000000
0.33154296875000000000
0.07342529296875000000
0.08654785156250000000
0.21429443359375000000
0.35253906250000000000
-0.09338378906250000000
-0.25189208984375000000
-0.22845458984375000000
-0.14306640625000000000
-0.03796386718750000000
0.27508544921875000000
0.16912841796875000000
0.26623535156250000000
-0.25054931640625000000
-0.33245849609375000000
-0.21240234375000000000
-0.08508300781250000000
-0.08776855468750000000
0.14739990234375000000
-0.04187011718750000000
0.06231689453125000000
-0.01153564453125000000
-0.23303222656250000000
-0.19903564453125000000
-0.31323242187500000000
0.08337402343750000000
-0.07312011718750000000
-0.06909179687500000000
0.15661621093750000000
-0.13262939453125000000
-0.06958007812500000000
-0.01562500000000000000
0.17785644531250000000
0.27355957031250000000
0.27307128906250000000
-0.03948974609375000000
0.18597412109375000000
0.02679443359375000000
0.00842285156250000000
-0.10656738281250000000
0.04681396484375000000
-0.16766357421875000000
0.24993896484375000000
0.23065185546875000000
0.07513427734375000000
-0.00714111328125000000
0.10351562500000000000
0.11212158203125000000
0.09545898437500000000
-0.02484130859375000000
-0.03997802734375000000
-0.00146484375000000000
0.06811523437500000000
-0.33178710937500000000
-0.34637451171875000000
-0.23132324218750000000
-0.23120117187500000000
-0.21160888671875000000
-0.32550048828125000000
-0.30969238281250000000
-0.21154785156250000000
0.08428955078125000000
-0.23889160156250000000
-0.30651855468750000000
-0.13598632812500000000
-0.19750976562500000000
-0.10815429687500000000
0.02673339843750000000
-0.08203125000000000000
0.14910888671875000000
0.31713867187500000000
0.19970703125000000000
0.11877441406250000000
-0.03485107421875000000
0.18267822265625000000
0.02075195312500000000
0.21520996093750000000
-0.02288818359375000000
-0.08190917968750000000
-0.15319824218750000000
-0.08972167968750000000
-0.08001708984375000000
0.03167724609375000000
-0.02648925781250000000
0.10528564453125000000
-0.05401611328125000000
0.11889648437500000000
-0.05334472656250000000
0.03936767578125000000
-0.08776855468750000000
-0.01123046875000000000
-0.40740966796875000000
-0.43005371093750000000
-0.40429687500000000000
-0.25421142578125000000
-0.33758544921875000000
-0.34967041015625000000
0.27160644531250000000
-0.22119140625000000000
-0.38208007812500000000
-0.38092041015625000000
-0.40185546875000000000
-0.32275390625000000000
-0.30548095703125000000
-0.23046875000000000000
-0.23291015625000000000
-0.29937744140625000000
-0.34118652343750000000
0.20910644531250000000
0.32434082031250000000
0.23132324218750000000
-0.23370361328125000000
-0.34020996093750000000
-0.32714843750000000000
-0.18927001953125000000
-0.12225341796875000000
0.34521484375000000000
0.04425048828125000000
-0.05780029296875000000
-0.07672119140625000000
-0.21801757812500000000
0.01220703125000000000
-0.40661621093750000000
-0.14483642578125000000
-0.19555664062500000000
-0.30419921875000000000
-0.24700927734375000000
-0.08746337890625000000
0.06719970703125000000
0.09808349609375000000
-0.37713623046875000000
0.34271240234375000000
0.25183105468750000000
0.36535644531250000000
0.24145507812500000000
-0.38714599609375000000
-0.41217041015625000000
-0.39031982421875000000
-0.39160156250000000000
0.41247558593750000000
0.38836669921875000000
0.38586425781250000000
-0.22253417968750000000
-0.19610595703125000000
-0.31097412109375000000
0.04248046875000000000
-0.02728271484375000000
-0.18701171875000000000
-0.32897949218750000000
0.39819335937500000000
-0.34130859375000000000
-0.30786132812500000000
-0.24829101562500000000
-0.15039062500000000000
0.19665527343750000000
0.22357177734375000000
0.32348632812500000000
0.34588623046875000000
-0.33221435546875000000
-0.31701660156250000000
-0.38745117187500000000
0.38885498046875000000
-0.22363281250000000000
-0.38311767578125000000
-0.38153076171875000000
-0.40698242187500000000
-0.38562011718750000000
0.39276123046875000000
0.31689453125000000000
0.37042236328125000000
0.27984619140625000000
0.17523193359375000000
0.12194824218750000000
0.01147460937500000000
-0.20153808593750000000
-0.04357910156250000000
0.17395019531250000000
0.36224365234375000000
0.26770019531250000000
-0.08020019531250000000
-0.06732177734375000000
-0.20196533203125000000
-0.33520507812500000000
-0.38507080078125000000
-0.32000732421875000000
0.03686523437500000000
0.26666259765625000000
0.16644287109375000000
0.26477050781250000000
-0.22912597656250000000
0.10803222656250000000
0.14788818359375000000
-0.08160400390625000000
0.08795166015625000000
0.02984619140625000000
-0.06579589843750000000
0.00048828125000000000
-0.08398437500000000000
0.14660644531250000000
0.08233642578125000000
-0.08502197265625000000
-0.10131835937500000000
-0.08496093750000000000
-0.20703125000000000000
-0.07171630859375000000
0.03643798828125000000
-0.24475097656250000000
-0.32421875000000000000
-0.20495605468750000000
-0.10607910156250000000
0.02685546875000000000
-0.07904052734375000000
-0.00317382812500000000
-0.32611083984375000000
-0.22619628906250000000
-0.22766113281250000000
-0.33898925781250000000
-0.25012207031250000000
-0.21875000000000000000
-0.33197021484375000000
-0.34271240234375000000
-0.40112304687500000000
-0.42309570312500000000
-0.39642333984375000000
-0.39916992187500000000

0.00000000000000000000
-0.04304621148316994939
0.00000000000000000000
-0.06565365530643169079
-0.02642027356704135244
0.00000000000000000000
-0.07120237147027999591
-0.13084824209968787256
-0.10457666215850452973
-0.03168857881155273670
0.02695299799099193372
-0.00469193808864687423
-0.08710899067943378427
-0.12872183179314344859
-0.07715760727701959087
-0.02522936092961669541
0.04118552904350819555
0.00000000000000000000
0.00000000000000000000
-0.14741809050931931058
-0.09953510895126527203
-0.11576206849098813478
0.06621495082070327776
0.01283867499610868990
0.07165977864508676909
0.10261675305295359095
0.14148535334597367452
0.08443125816241697779
0.12459326065173847997
-0.04824093139294927113
-0.00328333441891737188
-0.04508704526126017242
0.01506546348082915543
0.08709947065977147185
0.00000000000000000000
0.00000000000000000000
0.04138932749409907075
0.00380211409898145725
0.10344549229706001547
0.09178132548102313493
0.13644060588102291387
0.10202224103885315643
0.00085834694012087986
-0.03024912163758242123
0.02266583589906567830
0.04635078765912170606
0.05100557787209430982
0.11741185267546128124
0.09240837147434810550
0.05560918028141825786
0.01312734161238959807
0.06087551151924563975
-0.01494053665797689945
0.03415663635885191063
0.10708492536886149438
0.05478534222181297153
-0.01282330878396220619
0.00090474042571714319
0.00000000000000000000
0.00000000000000000000
0.01108097114508366232
0.04547859883809302062
-0.02354739016132167961
0.12071713566131947459
0.14746740822502557577
0.12704652916569258991
-0.00558509461520384498
-0.01538227909799494419
0.03270654259033034528
-0.03587369502626147622
-0.05925068299681135464
-0.08089351302989444825
0.00779934695299355774
-0.03250456681564140027
-0.11406523358373554800
-0.08146552730983769308
-0.03391626643900091942
-0.09158447805371505712
-0.03851237889122169356
-0.07580641327717851929
-0.04929416330102065480
-0.11982124404777527715
0.08877200073182089923
0.03508011943477828964
0.05446879558642292452
-0.02751028552143175432
0.02292529994106184965
-0.02963664661300224878
0.00529599234322941648
0.00000000000000000000
-0.05766971402769613397
0.00000000000000000000
-0.13138713809520063958
-0.13424400803971159313
-0.09655999990461228144
-0.11178894147362417044
-0.11208271245965617524
-0.06563892360736267584
-0.05993827955972541588
-0.14786381183065966383
0.03410518276509666435
0.07100259191390145830
0.00058107098870285867
0.05876173680566521007
-0.01112466279014179271
0.04232249213158389978
-0.07437913247702621078
-0.00659929132514891492
-0.00212829451343310438
-0.04163274202919353684
-0.09432461497861621691
-0.05808050227506333929
-0.11236340597566341071
-0.13686863231456170009
-0.12588350314119134410
-0.13285444364811427320
-0.08554788670531987549
0.02125853533739263668
-0.06365077369681215735
0.02882221078822566618
-0.04596663103635778569
0.00173006237414652375
-0.03111418078679983878
-0.03427448314382219863
0.00507715363108474094
0.10416228387084403018
0.11920973004852131183
0.15051057046140092766
-0.03995862073957559546
0.00000000000000000000
0.00000000000000000000
0.10469228793932483512
-0.07146399119696011937
-0.01292094012865829811
0.01255615704964796464
-0.08368269713313536418
-0.10396604560624833624
-0.03320178065136314416
-0.06549486422084349613
-0.03458763424644684115
-0.08762821820505006798
-0.07005524659183315350
-0.12670296802242120293
0.00883167563510900422
0.05117295889156636690
0.09987938143167252036
0.01413825610705865543
0.09195254820846443522
0.06152389942892888541
0.13455571473270255822
0.08647626926235574274
0.08567914344714200325
0.04579066599373415869
-0.00152262843399608716
-0.03917392077563675024
0.04120951496223079769
0.12554372153951742774
0.00267716947490070911
0.11938093107631608802
0.04110398201494724901
0.05876222928818797264
0.00538855410968830384
-0.01647824742128678466
-0.02985454321743352679
-0.00428229517733202947
0.00474637772410324565
0.00761331091434569451
0.04754392471952773036
-0.05908977321460717747
-0.05742610109859480616
-0.12150686316906655904
0.01849325337061724639
-0.00328498158288503816
0.09963637655989154851
0.08643468507964380265
0.13497442875364562553
0.08625137880765088028
0.04909614956826069410
0.00000000000000000000
0.00000000000000000000
0.03408695141983608679
0.00945744094969080962
-0.00750673784863087334
0.08780249529002603914
0.08661852204470832373
0.03972232042531076424
-0.00147135600873671279
0.13641141157619252056
0.13487431793427040461
0.11191435900870683184
0.03377920147895374647
0.02036594030044502901
0.02445808654552772410
0.07965335630675651757
-0.10957664865948135713
-0.14718288475864316212
-0.10346657180719986968
0.08036645246759732686
0.01425866221212768181
0.04080082052766087486
0.08798969724610961052
-0.01134399140277775331
0.04600071837871633207
0.04483101836348657443
-0.11776301590510707129
-0.05607363092372730229
-0.05385297108887998618
-0.01080737421660549202
-0.01455700401916271147
0.09159126495646141564
0.14266109190521880645
0.08768125249406960586
0.11544382720448320701
-0.02251715521587627222
0.00713799206306564571
0.04313951273045901758
0.13461274464133332618
-0.00680130512206833515
-0.00279076512405995736
0.05150109797478208407
-0.09044099698509899810
-0.03710843222622006721
-0.04434994563583227745
-0.00040214696465223909
0.00135965025819206886
-0.07017848672910997898
-0.05169716493173348582
-0.10119220411877227761
-0.05131815352613156023
-0.00547187072355059811
0.03507968604653344258
-0.00931872193230054435
-0.06645963918700337203
0.05117153510156580154
-0.03952355868596146848
-0.00935816004762379805
0.00736477941488056231
0.08629127649144557877
0.00000000000000000000
0.00000000000000000000
-0.00314796318123278240
0.06331469470735040517
0.02774325370396812929
0.07082361299519601694
0.12542109155626324224
0.09864485573594983236
0.04647831916594946655
-0.09078296362859239466
0.04336515991951994664
-0.00517814116769521604
0.09683866313829714301
-0.01633905645789646144
-0.07214611566004691667
-0.01642238640875959277
-0.13746709005340296272
-0.07677426630476302805
-0.09090780265578901620
0.05045697463293041807
0.00025927206847242701
0.00318674806561425328
-0.03284430013230377199
-0.09741788509767035364
-0.04426335386260915605
0.00051090978265833087
-0.05045958441521491977
-0.10028023180421596905
-0.06590334141339804219
-0.11739016026228021872
-0.04899138630463184541
0.00368266138892581196
-0.02354590717483917572
-0.00093833607247750805
0.04296171067149301415
0.10559667315688103795
0.02982893079526527380
0.01358542501675019665
0.07039981119276028654
-0.14819779467736093892
-0.14375863307515501788
-0.11653311606208038853
-0.03611515965894218638
-0.08969902751471092728
-0.13743734852821054560
-0.12085599166329341614
-0.08180685271538612469
0.07368476166906123836
0.04030045917438318526
0.11233040673762850759
-0.01735998343028377633
-0.14359430010048024329
-0.05667678759655903065
-0.10164148416967666577
-0.09180209015766838121
-0.00812065242559434353
-0.05117880402359809011
-0.00452096302602189581
-0.03919146266275674861
0.02376653358265867766
-0.01164641932630106069
-0.04949438101841785453
0.02768330238692895406
-0.09107533446990956350
-0.00267544848743805908
0.00054638316688082611
0.01584233167836690548
-0.00377270094466414241
0.00000000000000000000
0.00000000000000000000
-0.07311687809753264489
-0.02204952027595763475
0.01769136355399969496
0.04843989663164549597
0.10163428263865448287
0.00748971191860237084
0.12720703918946885125
0.14539076631918668170
0.13010362121291674242
-0.03982796465157023569
0.02237837006374743254
-0.02967725400727250218
-0.07030018414587502207
0.00258288622395141942
-0.05700079854117134914
-0.04308344858984858305
-0.14288054071249955967
-0.13629835218783625805
-0.12626063274250309831
0.05964467855848054612
-0.01509717327884008142
-0.01697157461374265708
0.08328883955906629666
-0.11666263956369959942
-0.03956271680043599304
-0.09019667062390501755
-0.00702063060272273276
-0.04340128882972571489
0.03179876256957214764
0.05421727880630156093
0.03931547883544173061
0.03714209241062560451
-0.10542894212266329390
-0.00765731322926610503
-0.09109590950513535290
-0.00944367582242033876
-0.00743537469835420239
-0.06553141067049167434
-0.02638430741775049659
-0.03037945901575361818
-0.08548659583063933365
0.08564413251925806492
0.10425555524980545385
0.06533077220594396550
0.03028354433032642845
-0.05138116780403212402
-0.00352459151431983031
0.03514968621069813892
-0.01178552474660543581
0.05875402632727233510
-0.11221181978314165306
-0.04318491334278196092
-0.09741528431850698944
0.08968124854255021816
0.11169099692218242836
0.13725619950960199489
-0.11580220242134320330
-0.04171380683613001850
-0.08848754925392210424
-0.00451715254098772334
0.05139050939939249218
0.07618080201175114752
0.10601495524011728122
0.13820958781530467974
0.10984999325178756990
0.10301435181009033215
0.04441782325214616023
0.07703429153647700645
0.08890609292819906528
0.05996951486707668977
0.12423082927486817084
0.00000000000000000000
-0.08602068885994462732
-0.04300891937488415806
0.00440018408153552976
-0.04351131655698145528
0.00000000000000000000
0.00000000000000000000
-0.12710064327984504917
-0.13016351981743706778
-0.10438233931731655257
0.13344895954411262196
-0.14555849887047345170
0.04326526958028242831
0.07109896467967846689
0.00000000000000000000
0.02616840276935938903
0.00000000000000000000
0.00362993281675461077
0.00238063626846685139
-0.03821039826382577331
-0.00187001601503000714
-0.00380965094277652128
0.00060450264013933719
0.00286097379216165848
0.12151605261326814400
0.08804405658920710920
0.12685215076279332536
0.00000000000000000000
0.01073672371642597767
0.05004829317967640634
-0.08765337218705848699
0.00000000000000000000
-0.04891161133504073888
0.14693024707636004322
0.00000000000000000000
-0.07124592847768485004
0.08199572869809390596
0.03790854288402822903
0.09218479420360203846
0.13565099191036456006
0.10754018468261783426
0.03395201051186713670
0.04122626334817347526
0.00000000000000000000
0.04061619245331371530
0.07868217062166493747
0.09093042259104855418
-0.00528170392262161670
-0.03391770650715875135
-0.00092114783971108949
0.03069435906461448482
0.07011857863404502567
-0.00328095404524386680
0.06281939078155041045
0.00063161716693027614
0.00144299307330797433
0.00000000000000000000
0.00000000000000000000
0.01585412559819898703
-0.06004242497719403104
-0.06042243779103895207
0.03910650907664425802
0.02740480184926585849
0.11039981338817828060
0.09187497607820827028
0.13589021490237929157
0.08277296523957833330
0.01404288338264780833
-0.04173801161859636011
-0.09111832427736388240
-0.03821867794152566944
-0.09037961829683371917
-0.12812270534222580665
-0.07156805377266284296
-0.05638889322801343695
-0.12287267097007159578
0.05681314406428139563
0.00000000000000000000
0.00000000000000000000
0.05653352690598545394
-0.05063298295174778474
-0.07251645796525529875
-0.01648918958615031016
0.00185685092037335409
0.00052192306611953398
-0.03666396998348098180
-0.00342521135135509525
0.03782393919783544334
-0.04124552494563982208
-0.08763469550983327139
-0.10176490908143787095
-0.01612144820029293157
-0.11008795716374386586
-0.10384522238456739274
-0.14837109572080198205
0.03857911771709687798
0.00000000000000000000
0.00000000000000000000
-0.04367442222256823214
-0.13593301592392137422
-0.14223595400050825788
-0.12633544272964325472
0.00121489518760586890
-0.11505757426287299694
-0.01741439646473352809
0.07396223410550284427
0.04116914636734314570
0.04483046630870557436
0.09837361637171504469
-0.00417061227452908412
-0.02983519357603370281
-0.07050168768811193587
-0.10519021199124978239
0.02222363142740046982
0.11346381414266559773
-0.04848881817518790882
0.00000000000000000000
0.00000000000000000000
-0.08690236998507039345
0.12745926530032569701
0.13022018993001438503
0.14629847351201252792
-0.04280293163351256425
-0.08544426548149619549
0.00000000000000000000
0.00000000000000000000
0.06494090148917397443
0.08545477926814193381
0.02991838143926628391
0.10408321159416100699
0.00344001028732776604
0.00000000000000000000
0.00000000000000000000
0.02592279015985443635
0.04297057922227764948
0.00000000000000000000
0.07088111127042395765
0.00000000000000000000

0.00000000000000000000
-0.04328469867529666226
-0.07097643725548755111
-0.06604445789518348375
-0.10434280395336986702
-0.13006175112264622973
0.00000000000000000000
0.00000000000000000000
-0.02664244363154691375
-0.08738173662637316319
-0.07680600811471838263
-0.12804944766768855402
-0.03249546821165666399
-0.00516853298370303915
0.02593484131456624819
-0.02599012033643510744
-0.11363974628365258734
-0.09734748587673380804
-0.14569383588749984515
0.00000000000000000000
0.00000000000000000000
0.04112116264055154513
0.01185722244338172082
0.06463952133989625537
0.06899704793195415853
-0.04342921625777229622
-0.00008640860895803293
-0.04490147378013631396
0.01426718424877249092
0.08525801688549272672
0.14279263141759768185
0.10191959752480006518
0.12336278731828032029
0.04504337704956151711
0.10524481318891454329
0.00553714309277619776
0.08900694953722998459
0.00000000000000000000
0.00000000000000000000
-0.03334156248002329015
0.00185254483611618781
0.01844032276588380981
0.13853000403575566057
0.09617282774221513897
0.10015721277732891892
0.06547381597981116741
0.11234097144592070094
0.04055840890246820152
-0.00612394268436133871
0.05240959427196067999
0.00848958098040730746
-0.02189807719134551078
0.06000018637668569355
0.12207013343177830489
0.05506338249847164690
0.05196895219255315279
0.09785153824401404687
0.12521990624797929570
0.12873392694768437394
0.14949747498122611944
-0.00861212300988301038
-0.06963671803843318742
-0.08133671349897708680
0.00276835673048275721
0.00000000000000000000
0.00000000000000000000
-0.05647260450603530657
-0.10803827783871011725
-0.08091157236046542245
0.00512278324893955528
0.05071471931809701239
0.00237454274448922753
-0.12440254484520885114
0.01780320920496158976
-0.01121704230318210094
0.05138716309481949907
0.06458158270612912588
0.04006386382346516228
0.09153033174839775299
-0.00554802376538576780
-0.05431342507774838957
0.02016704891480625150
-0.04085062989498611241
-0.09517056199183615561
-0.03156209072460236520
-0.06969180267790109351
-0.10468224001233128462
-0.12226651759859308299
-0.13845855823061503642
0.07183865437604142201
0.03430529798057602164
0.00068179159283676682
-0.00394417588954087961
-0.00147441742184506452
-0.05635191497187275189
-0.01943191195282945039
-0.00484777949607195779
-0.06441740947204732670
-0.05650716752761875128
0.00154366259335270151
-0.06174351157889518271
0.00000000000000000000
0.00000000000000000000
-0.09294429469908571662
-0.09664542338964787760
-0.03321942217858886437
-0.08514899015894616952
-0.13533976522992041680
-0.12380151869478206450
-0.02104131669454334386
-0.03900631244185426283
-0.03199417246681468541
0.00100230471802786880
-0.00025960959187010246
0.03629997001222995401
-0.01576455690283218303
0.04600769411742522408
0.09716555754251787747
0.04423505908810065890
-0.00681065888467147218
-0.04676378913526879622
-0.11748057268306505430
-0.06071579350430933442
-0.09662207182619425572
-0.13703657129106927570
-0.04278932231826315657
-0.02342662128726447079
-0.00021398334247502149
-0.09051433254617569091
-0.12873195501440726218
-0.07108303683098915471
0.03790798597861488872
0.04776854717499068315
0.10996824184812270531
0.04176327393954348821
0.00264390630663013937
0.04902177568020427145
0.07876621519677717842
0.10207028905248738404
0.11760650284420925971
-0.04114305001335633039
0.00000000000000000000
0.00000000000000000000
0.04684889694046745490
-0.05106274834453672362
0.03393310637602775515
-0.08114451597481719958
-0.02850876890707954026
-0.09618651947415624015
0.00990050351173898946
0.02964452452061072663
0.04928953839662630898
0.08989475567328586436
-0.12499694571388086928
-0.06449801562183576920
-0.06507892912238855132
-0.02788510284218070900
0.00811118714188596712
0.02713261861256288654
0.04515522959456985674
0.09822510138942508462
0.14617321343698641556
0.14582394049174363104
0.11104227650588649468
0.12166550021599320530
0.12815264066229703488
0.14267169943575641611
0.10164521576494633948
0.04345799508988335003
-0.03808666906242585970
-0.00051973255601994728
0.00532838684648961891
0.10869333375139067499
-0.00093605789095496661
-0.04943463233835299064
-0.00948236139541869250
-0.02346411929792946438
-0.11227534900319380284
-0.10340576489965158657
-0.14918086172624844821
0.09099205128298892831
0.13745881423060302140
0.12247885416885440080
0.04113042086709484124
0.00959323439054760030
0.07458650985733950023
0.15348302855883133589
0.01423193380779919082
0.00191481833655937628
-0.02055792848235715731
0.09056070313199260369
0.08443278827175282331
0.13145878219596163206
0.08239937724245294248
0.05074869217916594399
0.00000000000000000000
0.00000000000000000000
0.03763994635759027041
0.08654611196447592469
0.08150898083128232940
0.01290732440125363922
-0.00091915680669574229
-0.03397160655888420422
0.03196543743758839540
0.01670513240823101597
0.07139697944345702041
0.03974190652719311601
0.06458353283390394495
0.12717436313447727514
0.01941405305581134222
0.00079764246898150759
-0.04400065508200778908
-0.03920972624112017968
-0.09895107342706799258
-0.02966278902661478867
-0.08651022793036755587
0.00141659656858106331
0.07292472374797931423
0.00981904698867275272
0.03470097560821105986
-0.02453790148065504440
0.11594834106258766759
0.08819981734756643377
0.14161198198103430723
0.13135877364834036563
0.02344129201949041175
0.07333393343417471399
0.04179297412521343347
0.08523101439663616219
-0.12441976574851487669
-0.09206857660584555347
-0.06682342326866042015
0.03097400849084275265
-0.05044822857511288561
-0.06028164118910961378
0.01300050817525155722
-0.13615984552840609823
0.04571356805510529142
0.10015014194303795136
-0.00241497450493621812
-0.00838272095142156282
-0.02390913139920769481
0.04495257225374382770
-0.06694280553027986969
-0.01355576188880824873
-0.01220105702166573991
-0.04115982980141552616
0.00932330335935560583
0.08639340548850904522
0.00000000000000000000
0.00000000000000000000
0.12174399560825155397
0.06656873011724595557
0.09309690979471962891
-0.01723178776830103232
-0.08907650402902600462
-0.02938973677385003924
-0.07438309631949802103
-0.12127133194101835656
-0.11621628368190339842
-0.04364140401796401392
-0.01836360159408290116
-0.07952168136209802896
-0.07155426106976481293
0.04203181784936660392
-0.04100893842032382608
-0.03155201581944755418
0.00028482901476944988
-0.08633676738629780800
-0.14121330799507791909
-0.13908432251856117645
-0.15389613470911411852
0.11450453721381936845
0.04290457454235685475
0.07535375837117364028
-0.09249561468328426628
-0.01449005582577633788
0.00067122852763024099
0.00432229859843502595
-0.03884672093556318373
-0.09803032431774916233
0.03429244034026623922
-0.00006292579687894317
0.03416896951287462514
-0.03420774331286757786
0.02805491885932831497
0.10407688874098652843
0.04225540019426232696
0.06618374304511276396
-0.00284515335959723004
-0.03262801770139756030
0.01305094695876363176
-0.03842158541826234952
-0.10215344396308445596
-0.10867892525638689349
-0.14467271747208432231
-0.08719207988965993472
-0.08352989152675638351
-0.12812484076436003733
-0.07279934528080378442
-0.13016720671004389231
-0.04453220528706403059
-0.13009962691918541822
-0.14158425126723006571
-0.12199583292615034935
0.12842935034713143239
0.13064714910838670647
0.14739702310875557600
-0.02892462893334002416
0.02361962984498511275
-0.06741921644446335904
-0.09365703345755971299
-0.02627029576734773997
-0.03264465983894648815
-0.00435928327131751558
0.00000000000000000000
0.00000000000000000000
-0.10483597225127994079
-0.02462249778681291357
-0.07636078197385332000
0.01313715134448156796
0.13078756764271304291
0.10280275062330979097
0.06111554550198405877
-0.00093402733227554435
-0.00035912773112922736
0.01314796048540767259
-0.04107200123898557820
-0.08360140451152719976
-0.00093743413184110835
-0.07819325373611718533
0.04069910917032082409
0.06233413291470357720
-0.00754057415944586751
-0.12381780291436550456
-0.06923411198134488131
-0.07192821221338974169
0.05958298194331757003
-0.11451818762645382677
-0.11453632407126956849
-0.04387335026144056904
-0.01164122141565560042
0.04538303974927915263
0.00002811453359452543
0.10269741259498488262
0.06583865790265264195
0.10468089459418017384
0.08663175715490911699
0.03099277551324508551
-0.03161039205254417839
-0.02646948315325586831
-0.06620840967923574683
-0.08748017311677702690
0.11039911960848192152
0.13844329762124374383
0.09640500335292223610
0.08500232199493762408
0.03962414499605237950
-0.04278869310206001586
-0.08690714855958425744
0.00000000000000000000
-0.01125700761908277059
0.02164634141815469093
-0.01160096288657008756
0.04046308775870088859
0.06819340193936707095
-0.00636617815133755371
-0.00212079864463232681
0.05228536058817212506
-0.04680161281078731861
-0.04494492531748983666
0.00093980589688946736
-0.04983307062177644298
0.00000000000000000000
-0.08826780422860647235
0.04753146077802883340
0.02701613458123564016
0.09700510867402023507
0.03049637869830057468
-0.10003146146717734055
-0.04606948749362049789
-0.11492322593926207475
0.00000000000000000000
0.04356053069511212072
0.00000000000000000000
0.07116676642610730852
0.00401550790606908237
0.00000000000000000000
0.02643114150467340551
-0.00202021051171907828
0.00000000000000000000
-0.04354834488695583095
0.00000000000000000000
0.00000000000000000000
-0.10523039655702920436
-0.13131841205885974588
-0.12911955484966619601
0.13595715370427186031
0.09449148942004725882
0.11528166838609887890
0.14644329485080520570
0.12361444996570902788
0.11835828533364312065
0.00132670348555752327
0.04080665536850158759
0.00000000000000000000
-0.14769701379385702378
0.07908094954337485660
0.07616703093669574542
0.04441898926022358474
0.10449533381020437162
0.11371641300875801051
0.00000000000000000000
0.00297314864450526350
0.00000000000000000000
0.00325732752184482166
0.06864240435248580852
0.04285204639809325755
0.00348406774455112256
0.04646186856254885811
0.07316100747792031456
0.11562947082860741688
-0.07145051597148832645
-0.08201606194518706872
-0.03934941061794816619
-0.01933294400546881064
0.12559871917124221241
0.05966667045002083114
0.00000000000000000000
0.05982156169323449291
0.00000000000000000000
0.01026007652874127984
0.02516582976506764879
0.07384564627700029860
0.12702471835804862721
0.15056039435139956240
0.12997757870069204245
-0.00725015682082830182
-0.04437919232894937949
0.03644610245064772158
0.09287825755366752034
-0.04412455942182269553
0.00135175488201078053
-0.04057735737467194070
-0.00083255804024284785
-0.00156406787086993404
-0.08774950988599083956
0.07049564342135550277
0.03981290857285735285
0.08924115010779054558
0.04030994791587261261
0.00000000000000000000
0.00000000000000000000
0.03453630611868963030
0.00042550567359889158
0.03423489759997533355
0.07228388916919259444
0.00055732026257926393
-0.03240878779198608228
-0.04068897272016869238
-0.06576072837203827959
-0.09268924881679918570
-0.13192066093869136978
-0.14222085543426565835
-0.11673554698927812723
0.00307117880484408801
-0.06707469627550688429
-0.06732429764224878710
0.00693570536349419342
-0.01170764275004110289
-0.12167593869018400454
-0.05112649051514406295
0.00000000000000000000
0.00000000000000000000
-0.09113237793158646127
-0.07111092480982561526
-0.12831331614002472463
-0.08897440518733468195
0.00110225937965058307
0.00134057295381317942
-0.01244589440965881977
-0.12526710408417196518
-0.03993519434215730968
-0.06584437881425841965
-0.02778844829756632606
-0.10411818167608899444
-0.08675904356035069043
0.00000000000000000000
0.00000000000000000000
0.07631357140651751081
-0.01274260293855000725
0.04386936002148189573
0.02489145342073317835
-0.04228933588460037640
-0.11229429076381070018
-0.14842724368575099803
-0.10259635154030188886
-0.04347625968034574129
0.00454722012855679480
0.00000000000000000000
0.00000000000000000000
0.11449041121500069806
0.04618322848482758758
0.10000860767632602233
-0.00182826723979712114
0.06641480812814926082
0.03188128025832437373
0.08748531333027731449
0.02672599571524436612
0.12875872478833105816
0.14712299747313650755
0.13084177957003806370
0.10507891131963376097
0.04389854324054542900
0.00000000000000000000
0.00000000000000000000
0.07153080275914991404

0.09735705782186557244
0.10273448777735497139
0.10426130485198062403
0.11550311625081446931
0.11629075229329784158
0.13157380122805423239
0.10408622523146242311
0.13104549220558325828
0.11596860900217197121
0.13599444597238591337
0.16465926363683011657
0.15398453238497150641
0.13570165430909339466
0.15326600397734352343
0.16390816314966763501
0.15073946865547721563
0.20295487203986514735
0.24584066837955462215
0.18146083188940084763
0.18058979934346475194
0.24526520097917928198
0.20186513707492237391
0.15253013603174137014
0.15207300421411837354
0.12870967847964523423
0.18595788513291927613
0.19692609024454182931
0.24545098548828217511
0.14881240976401069465
0.24469225616266040979
0.19594933861479052473
0.18481438455684773281
0.14791043634405123819
0.24467141816545470712
0.24474256321486906329
0.27390761422652470936
0.24387346156448902468
0.27365854446314247239
0.24456847265191011820
0.12065885613587504221
0.14651642472468681677
0.11835490935841938565
0.14448775876729985645
0.11905618132658464525
0.11732582057704646350
0.16293953420241222285
0.20332067301911976864
0.18699087585179524629
0.14681407497273074592
0.10305794746461366396
0.09481833310166967732
0.10151212150612391738
0.10035541099472035376
0.18575230248512428211
0.20297997471478854137
0.16167513373705380553
0.14372037274951143804
0.15264681230673896040
0.13106898737291722279
0.18233808261066192236
0.14876268742281162361
0.13409788723777713026
0.16089327609380801865
0.15326006492376303969
0.18302863783996001223
0.13183754107275016954
0.09961651908466064020
0.12501855934006461668
0.11466711172287966103
0.09638415884793587185
0.10773873101626234294
0.10502270056688975397
0.14450215218381901039
0.14853310971195562984
0.16349327519162129563
0.13064716835102471726
0.14110916197554468354
0.12716874849651324531
0.12017669274360938403
0.15323800459174716226
0.10555990857634525715
0.12389867279138394585
0.12187460826853044327
0.13217830398907284839
0.14336338873751583445
0.15835247763073295735
0.23380554752039484079
0.19746027399091445331
0.17105036501900791612
0.10572133299086104719
0.10543325441950598953
0.09816026944023500955
0.21232592554868132129
0.15780044427918624161
0.19436611360468347698
0.12007900293869490371
0.14629148577946679555
0.12634583886421205112
0.24900566515380581634
0.15821224721177823413
0.10710163207515115136
0.10637223536596958351
0.09882547825238159611
0.18837130937254403795
0.14766150924063492500
0.15632836276338615833
0.20426733907417385372
0.16727751887451652868
0.22071999229167779677
0.14483644471364845452
0.12643634457012831174
0.10497469228656465534
0.12177302373591766815
0.15796986789619701930
0.19234912091796521616
0.21490489272635884821
0.25041199055904311832
0.24284252771758474410
0.25316615909884082614
0.26896717685071663828
0.25985896368982314142
0.12625158143099349251
0.10650939868941664002
0.12952406284017892180
0.16531140267365806995
0.22980650566861690609
0.17387827206754441489
0.18497601188450307763
0.11918495499241747726
0.13010002372463125297
0.10497064015911428125
0.23312710249572521359
0.16463323164904997142
0.15763954926287890301
0.14780102043243295573
0.15439814359432016411
0.19804033086425010257
0.16621764551283160771
0.20288687188176268705
0.20719794919149417400
0.12045695633769402944
0.10586997606917923631
0.13084639898957975412
0.27737746113637118395
0.25777621280110019075
0.24062265781350658522
0.15712553456378286487
0.16472187918487377067
0.20267756649085894027
0.13749114095570985628
0.13984172661113891678
0.11534681573870886329
0.13014489843906448807
0.15179301371404685383
0.14056522911399971232
0.16271496429559470509
0.20622259680425758521
0.15025286437481000235
0.17697607945849455624
0.15757373390420442716
0.19543201898215817325
0.20192289485473638444
0.18193850145244949701
0.24144871800054990008
0.12979835809167147853
0.15163400789951686498
0.17980445055015070732
0.23804105454389945518
0.16126479378994995617
0.14155611593919695257
0.15200055177611807022
0.14904501107876558241
0.14858196621159788786
0.11094991060007998451
0.11719047212604075114
0.13887619143217463935
0.14225011204635940043
0.20286599573362254501
0.24480290976695712191
0.18169833843817778662
0.10960819112513532636
0.13354278321426535370
0.11616674050572645127
0.12118120112259118948
0.14742898981347307696
0.13796116991114618089
0.15285898601505179539
0.18006173232477107327
0.14898442059335376131
0.13106230178427885624
0.11786193856429481863
0.15783439644348620789
0.18127532264319187738
0.19411947627791620308
0.20129860211658093250
0.18135653319083319679
0.24268008599925619539
0.13455091787965084427
0.14450812490349729256
0.11850129498881696588
0.15646238679601079391
0.09547181499035319041
0.09991855960719064900
0.09935034766295122721
0.13500317068893236128
0.12082811784788832776
0.14137543156081619489
0.10033250045780615911
0.13647271421295212313
0.11598316546331616239
0.19530633353825324616
0.24424305641442661807
0.18629354087478136592
0.16058661182745256890
0.14880780659854508929
0.13315579477698738509
0.14524972044737460841
0.10424336948327661556
0.09622547683598495216
0.10217147559542952284
0.16107954660479231745
0.18328920374492654877
0.24168256908175367315
0.19269480645630399085
0.14273327212430639288
0.10469745162440491359
0.13575776072734568878
0.12251788890813684885
0.11328834189306620506
0.11843447394844817955
0.11179199918616319898
0.10107665073718774540
0.10242592907892016096
0.13973440691555982784
0.16049876011575497925
0.14935458810105617378
0.13764269148800817311
0.24475030576229023227
0.24569675522602554829
0.27382800689663838734
0.09608602788573623876
0.10332385986488235030
0.10112036276359583076
0.12555126174923955662
0.14670371020272410245
0.11635655941701791849
0.10180990987843531459
0.14842813134919224938
0.24333230074597089754
0.27196543922407911964
0.24520114548389632114
0.14529072488125457929
0.12627665060709777900
0.11538979555957680490
0.18802307232422141303
0.20299798416521630529
0.24837803705951252975
0.11892566842471309629
0.12840706212283442555
0.14788067245767402835
0.10154499567211583422
0.11810724422736833261
0.11916034908529710146
0.10364407891312631127
0.10226245008941639569
0.12258573612916003059
0.10257147926432540197
0.11757554863979156889
0.11392114624754200169
0.20983804942680356342
0.18829945359788557990
0.15817065845384084555
0.20274595623725544247
0.18449866410383941595
0.16425035875993213019
0.11512531162009183305
0.15090229507360955474
0.19970447207920488664
0.14920800902003469868
0.18698597505797431850
0.24682405521264397241
0.16631498659998897316
0.15352346406730579820
0.21098347446867038446
0.13638145903321291508
0.16417107621380316873
0.18352307001209899884
0.20255605672601190159
0.15077459874776627524
0.14935563714912919453
0.10266363042166956610
0.11735847516212666308
0.12234819538617716650
0.24312140922998071169
0.19946497642363839042
0.17831396401892604664
0.11790956144811690076
0.15900881754378343169
0.13854467417863655654
0.13589507711198753337
0.18640917480430888031
0.24318959653017266365
0.14257429047191549909
0.19219654494154198021
0.14485184997859615330
0.15411515491120611476
0.13177400859142573974
0.18152962380399897957
0.16411169555482293947
0.15062309639156076790
0.15043963535400745046
0.24382834579175013956
0.24045701044280123893
0.27844571574644511047
0.15434978416427985737
0.18177010871402177195
0.13204207061158038106
0.18320179048542881151
0.15061089088628457078
0.16436669428161490569
0.15137957646044497562
0.21576947614303532141
0.20159315063974292404
0.25840148154192482677
0.19656767987623680050
0.14661488830976343589
0.14774265011942186443
0.16104364488842159986
0.14493606928683744339
0.14927241109255851015
0.19630382358409684262
0.18729883392208523940
0.16042550153314916184
0.14833648644974831154
0.14989964003126704517
0.13837635974882880885
0.16352851816845392907
0.25435216000638827261
0.20257350913045021890
0.18289926002813389205
0.18517330988206520681
0.14915434550156078664
0.24364596811343305904
0.27384363930339994386
0.24408426971689378693
0.11620458885711579256
0.11666174841701479337
0.13659478855407719555
0.13668178419083668040
0.13634582672248432567
0.11657038352021897865
0.11579938666813635595
0.13632142758316195819
0.20031002444946940932
0.16125914821119827214
0.12785639778625582097
0.15570208354180212207
0.14083419323713841642
0.20249981464230462636
0.24309309725808780911
0.24515989923902770098
0.15661392680667446387
0.13065218041682069572
0.17942755402334742421
0.18764029217448927045
0.16365033679924576027
0.14887382577410371298
0.15041884838327726492
0.13945004902936741775
0.24806941470751267542
0.19145976420163290932
0.20477971488118196230
0.20095201814057414569
0.24262864827892807740
0.24144489244422373542
0.24837299440202384448
0.16274975417632320251
0.19790218634272813136
0.20291014380081939805
0.24624775242503613160
0.24563828380004354424
0.20307615650268734386
0.27195777122104131118
0.10299622801202773514
0.09745518009670459114
0.10438246427780313585
0.15446156900635235609
0.13219164554657938937
0.11685184625911243517
0.14791594149519093904
0.18183977845917229099
0.10281914284706053508
0.10442827934791952538
0.09741519312531131403
0.11643577031813076572
0.13174333584407468822
0.15415221237935258780
0.16082501810340790738
0.12840033231061803720
0.12337066891586864759
0.17942103939442571869
0.12896011954243405406
0.14820158892270091089
0.15170245653915648276
0.11987868850875432747
0.13068953372671679447
0.18175002706953538589
0.15517060359936374336
0.11891887439861476006
0.24545251291199013388
0.24579854382871654805
0.20369104593208625653
0.18105973670519248664
0.27482926089863152219
0.10450956460927397773
0.15188145362655938730
0.14034800288963686365
0.12495686818715080746
0.15294448281151462599
0.19129046552183032182
0.16334125314284828057
0.20326186041761548640
0.10424249698504219064
0.11832274138588862178
0.13432353354220549768
0.11557603200227931084
0.15042852752380111991
0.10584359880294247347
0.09832337906062839361
0.10561166502278845902
0.10544776646187674352
0.09601905536363374016
0.10315451358904295653
0.10381053728638274525
0.15197652066924888237
0.18200335397857259068
0.12991866223043829764
0.14910677270717212495
0.16189228056615873053
0.14170251042610387815
0.11884726731064061689
0.10085876873511039065
0.11929866871376842985
0.12463052091566109714
0.15260998603791783856
0.15124350854085019669
0.14488981800814160206
0.13822432766275999372
0.12231173220477517538
0.11810819416268433790
0.12033483085386932621
0.13083464752214885030
0.10560515450157553774
0.10262288203536674980
0.15235713107867571159
0.10431906787930682323
0.10465723081656772009
0.09767118012975828378
0.10436380440401457625
0.10203616768812169557
0.12605606715103351290
0.11504694971940788994
0.14262298105563159245
0.19269869600547623323
0.18355878345406087537
0.14987883203500612650
0.13999387316038719442
0.16345294402392096522
0.14870692184485867493
0.11727855947052666374
0.14502386593632116130
0.20182974650622553803
0.24364965944419172961
0.18167554455964304849
0.11902787838046269275
0.10496431380890407226
0.13035116490669135247
0.24235961466958408361
0.14668795829194111735
0.19644814633898965983
0.14772549698034281862
0.15209373421830260642
0.18763953401122865361
0.15053643439752825706
0.16377078188344484921
0.18320954967985064732
0.24345011178744113689
0.24510875820473934650
0.27265018374788085875
0.16444215173005752306
0.15134716932488620489
0.18508689194799385347
0.15051113776397601063
0.20209131435945318356
0.20352685814376961226
0.18200009655272361697
0.24520943763821945183
0.24493553949241606005
0.15386460194189022221
0.13167738469839801452
0.18123242685913004690
0.20287537541963840404
0.24499294629539020152
0.24552860657633396313
0.27389764648344006037
0.11590962184608646912
0.13614271974029729106
0.13642752038265665293
0.11641158809855793599
0.15432431055332929137
0.18172053098027435292
0.13203158088290714578
0.11672883505070982824
0.10291641885664333522
0.09743710408069332363
0.10428761828818043644
0.10451055985684529204

1
2
3
4
5
2
6
3
5
5
3
2
1
7
2
8
9
7
4
2
9
9
2
7
4
10
5
11
12
10
6
5
12
12
5
10
4
9
13
8
14
9
15
13
14
14
13
9
4
13
10
15
16
13
11
10
16
16
10
13
11
17
12
18
19
17
6
12
19
19
12
17
8
20
14
21
22
20
15
14
22
22
14
20
11
16
23
15
24
16
25
23
24
24
23
16
11
26
17
27
28
26
18
17
28
28
17
26
11
23
26
25
29
23
27
26
29
29
26
23
21
30
22
31
32
30
15
22
32
32
22
30
25
24
33
15
32
24
31
33
32
32
33
24
27
34
28
35
36
34
18
28
36
36
28
34
31
30
37
21
38
30
39
37
38
38
37
30
40
41
42
27
29
41
25
42
29
29
42
41
31
43
33
44
45
43
25
33
45
45
33
43
46
47
48
35
34
47
27
48
34
34
48
47
46
48
49
27
41
48
40
49
41
41
49
48
25
50
42
51
52
50
40
42
52
52
42
50
25
45
50
44
53
45
51
50
53
53
50
45
31
37
54
39
55
37
56
54
55
55
54
37
31
54
43
56
57
54
44
43
57
57
43
54
46
58
47
59
60
58
35
47
60
60
47
58
46
49
61
40
62
49
63
61
62
62
61
49
56
55
64
39
65
55
66
64
65
65
64
55
51
67
52
68
69
67
40
52
69
69
52
67
51
53
70
44
71
53
72
70
71
71
70
53
68
73
69
63
62
73
40
69
62
62
69
73
56
74
57
75
76
74
44
57
76
76
57
74
46
77
58
78
79
77
59
58
79
79
58
77
63
80
61
78
77
80
46
61
77
77
61
80
72
81
70
68
67
81
51
70
67
67
70
81
72
71
82
44
76
71
75
82
76
76
82
71
66
83
64
84
85
83
56
64
85
85
64
83
75
74
86
56
85
74
84
86
85
85
86
74
87
88
89
63
73
88
68
89
73
73
89
88
59
79
90
78
91
79
92
90
91
91
90
79
93
94
95
78
80
94
63
95
80
80
95
94
72
96
81
97
98
96
68
81
98
98
81
96
87
99
88
93
95
99
63
88
95
95
88
99
72
82
96
75
100
82
97
96
100
100
96
82
84
83
101
66
102
83
103
101
102
102
101
83
87
89
104
68
105
89
106
104
105
105
104
89
75
86
107
84
108
86
109
107
108
108
107
86
97
110
98
106
105
110
68
98
105
105
98
110
111
112
113
92
91
112
78
113
91
91
113
112
93
114
94
111
113
114
78
94
113
113
94
114
97
100
115
75
116
100
117
115
116
116
115
100
118
119
120
93
99
119
87
120
99
99
120
119
117
116
121
75
107
116
109
121
107
107
121
116
84
101
122
103
123
101
124
122
123
123
122
101
84
122
108
124
125
122
109
108
125
125
108
122
87
104
126
106
127
104
128
126
127
127
126
104
111
129
112
130
131
129
92
112
131
131
112
129
118
120
132
87
126
120
128
132
126
126
132
120
97
133
110
134
135
133
106
110
135
135
110
133
111
114
136
93
137
114
138
136
137
137
136
114
97
115
133
117
139
115
134
133
139
139
133
115
118
140
119
138
137
140
93
119
137
137
119
140
124
123
141
103
142
123
143
141
142
142
141
123
117
121
144
109
145
121
146
144
145
145
144
121
124
147
125
148
149
147
109
125
149
149
125
147
128
127
150
106
151
127
152
150
151
151
150
127
152
151
153
106
135
151
134
153
135
135
153
151
130
129
154
111
155
129
156
154
155
155
154
129
146
145
157
109
149
145
148
157
149
149
157
145
156
155
158
111
136
155
138
158
136
136
158
155
128
159
132
160
161
159
118
132
161
161
132
159
162
163
164
134
139
163
117
164
139
139
164
163
165
166
167
138
140
166
118
167
140
140
167
166
162
164
168
117
144
164
146
168
144
144
168
164
169
170
171
124
141
170
143
171
141
141
171
170
124
170
147
169
172
170
148
147
172
172
147
170
160
173
161
165
167
173
118
161
167
167
161
173
152
174
150
175
176
174
128
150
176
176
150
174
175
177
176
160
159
177
128
176
159
159
176
177
156
178
154
179
180
178
130
154
180
180
154
178
152
153
181
134
182
153
183
181
182
182
181
153
184
185
186
156
158
185
138
186
158
158
186
185
162
187
163
183
182
187
134
163
182
182
163
187
146
157
188
148
189
157
190
188
189
189
188
157
184
186
191
138
166
186
165
191
166
166
191
186
192
193
194
162
168
193
146
194
168
168
194
193
169
171
195
143
196
171
197
195
196
196
195
171
148
172
198
169
199
172
200
198
199
199
198
172
192
194
201
146
188
194
190
201
188
188
201
194
202
203
204
175
174
203
152
204
174
174
204
203
205
206
207
165
173
206
160
207
173
173
207
206
152
181
204
183
208
181
202
204
208
208
204
181
192
209
193
183
187
209
162
193
187
187
193
209
148
198
189
200
210
198
190
189
210
210
189
198
211
212
213
179
178
212
156
213
178
178
213
212
214
215
216
160
177
215
175
216
177
177
216
215
184
217
185
211
213
217
156
185
213
213
185
217
165
218
191
219
220
218
184
191
220
220
191
218
205
207
221
160
215
207
214
221
215
215
221
207
169
195
222
197
223
195
224
222
223
223
222
195
224
225
222
200
199
225
169
222
199
199
222
225
165
206
218
205
226
206
219
218
226
226
218
206
192
227
209
228
229
227
183
209
229
229
209
227
230
231
232
175
203
231
202
232
203
203
232
231
228
233
229
202
208
233
183
229
208
208
229
233
190
234
201
235
236
234
192
201
236
236
201
234
214
216
237
175
231
216
230
237
231
231
237
216
211
238
212
239
240
238
179
212
240
240
212
238
241
242
243
190
210
242
200
243
210
210
243
242
244
245
246
211
217
245
184
246
217
217
246
245
219
247
220
244
246
247
184
220
246
246
220
247
235
248
236
228
227
248
192
236
227
227
236
248
224
223
249
197
250
223
251
249
250
250
249
223
224
252
225
253
254
252
200
225
254
254
225
252
205
221
255
214
256
221
257
255
256
256
255
221
190
258
234
259
260
258
235
234
260
260
234
258
219
226
261
205
262
226
263
261
262
262
261
226
241
264
242
259
258
264
190
242
258
258
242
264
241
243
265
200
254
243
253
265
254
254
265
243
266
267
268
202
233
267
228
268
233
233
268
267
230
232
269
202
267
232
266
269
267
267
269
232
270
271
272
214
237
271
230
272
237
237
272
271
239
238
273
211
274
238
275
273
274
274
273
238
219
261
247
263
276
261
244
247
276
276
247
261
244
277
245
275
274
277
211
245
274
274
245
277
278
279
280
228
248
279
235
280
248
248
280
279
270
281
271
257
256
281
214
271
256
256
271
281
282
283
284
205
255
283
257
284
255
255
284
283
282
285
283
263
262
285
205
283
262
262
283
285
286
287
288
224
249
287
251
288
249
249
288
287
224
287
252
286
289
287
253
252
289
289
252
287
228
279
268
278
290
279
266
268
290
290
268
279
241
265
291
253
292
265
293
291
292
292
291
265
294
295
296
235
260
295
259
296
260
260
296
295
241
291
264
293
297
291
259
264
297
297
264
291
298
299
300
230
269
299
266
300
269
269
300
299
298
301
299
270
272
301
230
299
272
272
299
301
278
280
302
235
295
280
294
302
295
295
302
280
263
303
276
304
305
303
244
276
305
305
276
303
275
306
273
307
308
306
239
273
308
308
273
306
309
310
311
275
277
310
244
311
277
277
311
310
270
312
281
313
314
312
257
281
314
314
281
312
286
288
315
251
316
288
317
315
316
316
315
288
309
311
318
244
305
311
304
318
305
305
318
311
286
319
289
320
321
319
253
289
321
321
289
319
322
323
324
282
284
323
257
324
284
284
324
323
325
326
327
293
292
326
253
327
292
292
327
326
328
329
330
263
285
329
282
330
285
285
330
329
298
331
301
313
312
331
270
301
312
312
301
331
278
332
290
333
334
332
266
290
334
334
290
332
259
297
335
293
336
297
337
335
336
336
335
297
322
324
338
257
314
324
313
338
314
314
338
324
259
335
296
337
339
335
294
296
339
339
296
335
328
340
329
304
303
340
263
329
303
303
329
340
253
321
327
320
341
321
325
327
341
341
327
321
333
342
334
298
300
342
266
334
300
300
334
342
278
302
343
294
344
302
345
343
344
344
343
302
346
347
348
307
306
347
275
348
306
306
348
347
346
348
349
275
310
348
309
349
310
310
349
348
286
315
350
317
351
315
352
350
351
351
350
315
352
353
350
320
319
353
286
350
319
319
350
353
278
343
332
345
354
343
333
332
354
354
332
343
322
355
323
356
357
355
282
323
357
357
323
355
282
357
330
356
358
357
328
330
358
358
330
357
309
318
359
304
360
318
361
359
360
360
359
318
298
362
331
363
364
362
313
331
364
364
331
362
325
365
326
366
367
365
293
326
367
367
326
365
337
336
368
293
367
336
366
368
367
367
368
336
333
369
342
363
362
369
298
342
362
362
342
369
294
339
370
337
371
339
372
370
371
371
370
339
328
373
340
374
375
373
304
340
375
375
340
373
294
370
344
372
376
370
345
344
376
376
344
370
377
378
379
322
338
378
313
379
338
338
379
378
380
381
382
325
341
381
320
382
341
341
382
381
304
375
360
374
383
375
361
360
383
383
360
375
346
384
347
385
386
384
307
347
386
386
347
384
309
387
349
388
389
387
346
349
389
389
349
387
377
379
390
313
364
379
363
390
364
364
390
379
309
359
387
361
391
359
388
387
391
391
387
359
352
351
392
317
393
351
394
392
393
393
392
351
352
395
353
396
397
395
320
353
397
397
353
395
322
398
355
399
400
398
356
355
400
400
355
398
345
401
354
402
403
401
333
354
403
403
354
401
328
358
404
356
405
358
406
404
405
405
404
358
320
397
382
396
407
397
380
382
407
407
382
397
399
398
408
322
378
398
377
408
378
378
408
398
333
403
369
402
409
403
363
369
409
409
369
403
325
410
365
411
412
410
366
365
412
412
365
410
328
404
373
406
413
404
374
373
413
413
373
404
325
381
410
380
414
381
411
410
414
414
410
381
346
389
384
388
415
389
385
384
415
415
384
389
337
368
416
366
417
368
418
416
417
417
416
368
337
416
371
418
419
416
372
371
419
419
371
416
372
420
376
421
422
420
345
376
422
422
376
420
352
392
395
394
423
392
396
395
423
423
395
392
424
425
426
377
390
425
363
426
390
390
426
425
421
427
422
402
401
427
345
422
401
401
422
427
399
428
400
429
430
428
356
400
430
430
400
428
356
430
405
429
431
430
406
405
431
431
405
430
432
433
434
363
409
433
402
434
409
409
434
433
366
412
435
411
436
412
437
435
436
436
435
412
377
438
408
439
440
438
399
408
440
440
408
438
418
417
441
366
435
417
437
441
435
435
441
417
432
442
433
424
426
442
363
433
426
426
433
442
418
443
419
444
445
443
372
419
445
445
419
443
421
420
446
372
445
420
444
446
445
445
446
420
424
447
425
439
438
447
377
425
438
438
425
447
421
448
427
449
450
448
402
427
450
450
427
448
399
451
428
452
453
451
429
428
453
453
428
451
432
434
454
402
450
434
449
454
450
450
454
434
452
451
455
399
440
451
439
455
440
440
455
451
418
441
456
437
457
441
458
456
457
457
456
441
418
456
443
458
459
456
444
443
459
459
443
456
432
460
442
461
462
460
424
442
462
462
442
460
424
463
447
464
465
463
439
447
465
465
447
463
421
446
466
444
467
446
468
466
467
467
466
446
421
466
448
468
469
466
449
448
469
469
448
466
432
454
460
449
470
454
461
460
470
470
460
454
424
462
463
461
471
462
464
463
471
471
463
462
439
472
455
473
474
472
452
455
474
474
455
472
444
459
475
458
476
459
477
475
476
476
475
459
464
478
465
473
472
478
439
465
472
472
465
478
449
479
470
480
481
479
461
470
481
481
470
479
468
467
482
444
475
467
477
482
475
475
482
467
449
469
479
468
483
469
480
479
483
483
479
469
461
484
471
485
486
484
464
471
486
486
471
484
464
487
478
488
489
487
473
478
489
489
478
487
490
491
492
461
481
491
480
492
481
481
492
491
490
493
491
485
484
493
461
491
484
484
491
493
488
487
494
464
486
487
485
494
486
486
494
487
468
482
495
477
496
482
497
495
496
496
495
482
468
495
483
497
498
495
480
483
498
498
483
495
485
499
494
500
501
499
488
494
501
501
494
499
490
492
502
480
503
492
504
502
503
503
502
492
480
498
503
497
505
498
504
503
505
505
503
498
506
507
508
485
493
507
490
508
493
493
508
507
506
509
507
500
499
509
485
507
499
499
507
509
490
502
510
504
511
502
512
510
511
511
510
502
490
510
508
512
513
510
506
508
513
513
508
510
506
514
509
515
516
514
500
509
516
516
509
514
506
513
514
512
517
513
515
514
517
517
514
513
